-27.500000 0.000000 165.000000 155.789520 151.107986
-27.500000 27.500000 165.000000 156.412781 217.588821
-27.500000 55.000000 165.000000 157.700912 282.877625
-27.500000 82.500000 165.000000 157.066986 349.068756
-27.500000 110.000000 165.000000 156.636414 414.448578
-27.500000 137.500000 165.000000 156.665298 480.215454
-27.500000 0.000000 137.500000 205.494202 149.165771
-27.500000 27.500000 137.500000 206.060410 216.094696
-27.500000 55.000000 137.500000 206.502411 282.853638
-27.500000 82.500000 137.500000 206.651672 349.471375
-27.500000 110.000000 137.500000 206.303345 416.260986
-27.500000 137.500000 137.500000 206.354050 482.758942
-27.500000 0.000000 110.000000 255.960007 146.500870
-27.500000 27.500000 110.000000 256.564636 214.881332
-27.500000 55.000000 110.000000 256.902954 282.163879
-27.500000 82.500000 110.000000 257.115479 350.320953
-27.500000 110.000000 110.000000 256.793976 417.789185
-27.500000 137.500000 110.000000 257.082306 485.666687
-27.500000 0.000000 82.500000 306.563232 144.179428
-27.500000 27.500000 82.500000 306.774292 213.174103
-27.500000 55.000000 82.500000 307.440308 281.991302
-27.500000 82.500000 82.500000 307.841675 350.843536
-27.500000 110.000000 82.500000 307.818573 419.860321
-27.500000 137.500000 82.500000 307.555389 488.672943
-27.500000 0.000000 55.000000 361.324707 141.224106
-27.500000 27.500000 55.000000 361.033478 211.935944
-27.500000 55.000000 55.000000 360.434875 281.446259
-27.500000 82.500000 55.000000 360.697571 351.732697
-27.500000 110.000000 55.000000 361.061981 421.643219
-27.500000 137.500000 55.000000 361.309998 491.705536
-27.500000 0.000000 27.500000 415.350861 138.362579
-27.500000 27.500000 27.500000 415.275574 210.065857
-27.500000 55.000000 27.500000 415.362061 281.009460
-27.500000 82.500000 27.500000 415.526123 352.254303
-27.500000 110.000000 27.500000 415.887970 423.689880
-27.500000 137.500000 27.500000 416.235596 494.806000
0.000000 0.000000 0.000000 516.379761 139.125671
0.000000 27.500000 0.000000 516.148071 210.105667
0.000000 55.000000 0.000000 516.477722 280.683685
0.000000 82.500000 0.000000 517.323669 351.316376
0.000000 110.000000 0.000000 517.074402 421.988434
0.000000 137.500000 0.000000 517.607300 492.796021
27.500000 0.000000 0.000000 555.149170 142.825302
27.500000 27.500000 0.000000 555.351868 212.064041
27.500000 55.000000 0.000000 555.753479 281.027100
27.500000 82.500000 0.000000 556.377563 350.086182
27.500000 110.000000 0.000000 556.629089 419.288269
27.500000 137.500000 0.000000 556.854553 488.593842
55.000000 0.000000 0.000000 594.111938 146.334122
55.000000 27.500000 0.000000 594.037109 214.033768
55.000000 55.000000 0.000000 594.276245 281.429077
55.000000 82.500000 0.000000 594.864319 348.933746
55.000000 110.000000 0.000000 595.110901 416.698242
55.000000 137.500000 0.000000 595.494324 484.382813
82.500000 0.000000 0.000000 630.762817 149.521484
82.500000 27.500000 0.000000 631.170593 215.935928
82.500000 55.000000 0.000000 630.595093 281.851257
82.500000 82.500000 0.000000 631.371277 348.015656
82.500000 110.000000 0.000000 631.464600 414.146118
82.500000 137.500000 0.000000 631.778381 480.487000
110.000000 0.000000 0.000000 666.013672 152.814774
110.000000 27.500000 0.000000 665.593994 217.775146
110.000000 55.000000 0.000000 665.809204 282.371643
110.000000 82.500000 0.000000 666.272461 347.062378
110.000000 110.000000 0.000000 666.174500 411.791595
110.000000 137.500000 0.000000 666.595154 476.510071
137.500000 0.000000 0.000000 699.915222 156.015533
137.500000 27.500000 0.000000 699.534424 219.416077
137.500000 55.000000 0.000000 700.232788 282.833069
137.500000 82.500000 0.000000 699.840332 346.098206
137.500000 110.000000 0.000000 700.336060 409.595215
137.500000 137.500000 0.000000 699.834900 472.932983
